20908.976000
21097.521000
21177.393000
21302.315000
21462.118000
21688.764000
21803.499000
21701.781000
21772.078000
21795.055000
21734.489000
21649.697000
21609.543000
21598.107000
21603.828000
21527.438000
21685.956000
21728.301000
21893.522000
21824.196000
21836.718000
21813.423000
21844.093000
21814.096000
21857.543000
21750.675000
21764.080000
21759.435000
21567.764000
21451.738000
21253.266000
20988.763000
20828.664000
20572.081000
20716.735000
20440.091000
20181.193000
20009.754000
19673.694000
19515.587000
19329.156000
19356.708000
19178.509000
19066.732000
18982.725000
19059.242000
18766.995000
18275.597000
18261.027000
18255.290000
18150.468000
17755.634000
17357.830000
17559.578000
17667.261000
17293.084000
17130.487000
17052.761000
16842.736000
16430.533000
16436.053000
16359.434000
16293.950000
16130.034000
16020.986000
15884.335000
15904.336000
16267.356000
15293.575000
14936.288000
15015.271000
